input_dir: ../MPD_dataset/MPD_events/
output_dir: ../train_graphs/
dataset_size: 1000

selection:
    dphi_max: 0.06
    z0_max: 400
    chi_max: 1.6
    d_min: 0
    d_max: 12
    pt_min: 0.15
    n_phi_sections: 1
    n_eta_sections: 1
    eta_min: -10
    eta_max: 10
    num_rows: 53
    num_sectors: 24
    rmax: 124.0
    zmax: 169.0

graph_dir_2: ../train_graphs_2/
saved_model_file: ../model_save/model_checkpoint.pth
node_attr_size:   3
edge_attr_size:   4
threshold:        0.5

dist_0: 33.51648906851321
dphi_0: 0.0758489922828462
dz_0: 21.072315000000454
dr_0: 27.10026870630163
z0_0: 206.63041135569443
chi_0: 1.3277143343680913
deta_0: 0.23041109979408633
rho_0: 0.24087667333289856
r_dist_0: 19.15
dist_drow_0: 5.649201132907063

dist_1: 59.98242334173442
dphi_1: 0.08869101830715224
dz_1: 53.87354810000363
dr_1: 29.879482236223684
z0_1: 463.2402789132605
chi_1: 1.4025648159979538
deta_1: 0.4075976036608362
rho_1: 0.41245305227572965
r_dist_1: 23.0
dist_drow_1: 8.70970215639587
